2 0.0012416839599609375
4 0.0008149147033691406
8 0.001031637191772461
16 0.0012233257293701172
32 0.0016350746154785156
64 0.002637147903442383
128 0.004392385482788086
256 0.006426811218261719
512 0.006633281707763672
1024 0.013515710830688477
[32, 32, 32, 32] 0.0058095455169677734
[32, 32] 0.033681392669677734
[32, 32] 0.03333234786987305
[32, 32] 0.31444549560546875
[32, 32] 0.3253202438354492
[32, 32] 3.669536590576172
[32, 32] 0.03596377372741699
[32, 32] 0.09152650833129883
[32, 32] 0.07181334495544434
[32, 32] 0.00742650032043457
[32, 32] 0.0076520442962646484
[32, 32] 0.008640527725219727
[32, 32] 0.0077512264251708984
[32, 32] 0.77691650390625
[32, 32] 7.744882345199585
[32, 32] 7.779802083969116
[32, 32] 7.882784605026245
[32, 32] 0.7673578262329102
[32, 32] 0.7673661708831787
[32, 32] 0.34830713272094727
[32, 32] 0.3432185649871826
[32, 32] 0.35184502601623535
[32, 32] 3.3389370441436768
[32, 32] 3.37589168548584
[32, 32] 0.3590710163116455
[32, 32] 0.35353970527648926
[32, 32, 32, 32] 0.7076637744903564
[32, 32, 32, 32] 6.744961977005005
[32, 32, 32, 32] 12.993480205535889
[32, 32, 32, 32] 0.012274503707885742
[32, 32, 32, 32] 0.015670299530029297
[32, 32, 32, 32] 0.01605963706970215
[32, 32, 32, 32] 0.01442265510559082
[32, 32, 32, 32] 0.7514393329620361
[32, 32, 32, 32] 7.494672775268555
[32, 32] 3.80102276802063
[32, 32, 32, 32] 7.470842361450195
[32] 2.1595747470855713
[32, 32, 32, 32] 7.668698072433472
[32, 32, 32, 32] 0.006818532943725586
[32, 32, 32, 32] 0.006948709487915039
[32, 32, 32, 32] 0.007088661193847656
[32, 32] 0.40663576126098633
[32, 32] 3.933682918548584
[32, 32] 0.006505012512207031
[32, 32] 0.05312490463256836
[32, 32] 0.008112907409667969
[32, 32] 0.00900721549987793
[32, 32] 0.008525371551513672
[32, 32] 0.009096145629882812
[32, 32] 0.492887020111084
[32, 32] 4.60767936706543
[32, 32] 4.602346420288086
[32, 32] 4.531541109085083
[32, 32] 4.590825796127319
[32, 32] 4.52725076675415
[32, 32] 4.583694219589233
[32, 32, 32, 32] 27.268078804016113
[32, 32, 32] 19.810572385787964
[32, 32, 32, 32] 26.417884826660156
[32, 32, 32, 32] 89.8699061870575
[32, 32, 32, 32] 88.69818496704102
[32, 32, 32, 32] 87.13268280029297
